  100 , 19 ,36 ,6, 3,25,1 ,2,7
        100
   19          36
------------------------------------------------
                   100
               19         36
            6     3     25   1
-------------------------------------------------
                    100
                19         36
            7      3    25    1
       2      6
----------------------------------------------------------------
100 ,19 , 36 ,7 ,3,25, 1,2,6
 delete
--------------------------------------------------------
                   6                                    36     -> 36 ,19 ,25,7,3,6,1,2,100
             19        36          ----->           19       25
       7         3   25    1                      7     3   6    1
    2                                          2
--------------------------------------------------------------------------------
               2                        25      -> 25 ,19 , 6 ,7,3,2,1,36,100
          19       25   ---->        19     6
       7     3   6    1           7     3  2   1
---------------------------------------------------------------------------------
              19         -> 19 ,7 ,6,1,3,2,25,36 ,100
          7	   6
      1     3    2   
---------------------------------------------------------------------------------
             7         ->  7 ,3,6,1,2 ,19 ,25,36 ,100
         3        6
     1       2
------------------------------------------------------------------------------
             6          -> 6 ,3,2,1,7,19,25,36,100
         3      2
       1   
-------------------------------------------------------------------------
                3      - > 3,1,2,6,7,19,25,36,100
             1     2 
--------------------------------------------------------------------------
                 2        -> 2,1,3,6,7,19,25,36,100
               1 
------------------------------------------------------------------------------
             1       -> ap
 
  if there is a single element in heap then we dont need to adjust the element
  and the final sorting result is array.






